line
0 0 0 100 0 0
line
100 0 0 100 100 0
line
100 100 0 0 100 0
line
0 100 0 0 0 0
line
0 0 100 100 0 100
line
100 0 100 100 100 100
line
100 100 100 0 100 100
line
0 100 100 0 0 100
line
0 0 0 0 0 100
line
0 100 0 0 100 100
line
100 100 0 100 100 100
line
100 0 0 100 0 100

line
100 100 0 50 150 50
line
0 100 100 50 150 50
line
100 100 100 50 150 50
line
0 100 0 50 150 50


display
ident
scale
2 2 2
apply
display


line
0 0 0 200 0 0
line
200 0 0 200 100 0
line
200 100 0 100 100 0
line
100 100 0 100 0 0
line
100 0 100 200 0 100
line
200 0 100 200 100 100
line
200 100 100 100 100 100
line
100 100 100 100 0 100
line
100 0 0 100 0 100
line
100 100 0 100 100 100
line
200 100 0 200 100 100
line
200 0 0 200 0 100

line
200 100 0 150 150 50
line
100 100 100 150 150 50
line
200 100 100 150 150 50
line
100 100 0 150 150 50

ident
move
100 100 0
apply
display
ident
rotate
z 10
rotate
x 15
rotate
y 5
apply
display
ident
rotate
y 20
apply
display

save
pic.png
